{
 "cells": [
  {
   "cell_type": "code",
   "execution_count": 1,
   "metadata": {},
   "outputs": [],
   "source": [
    "import pandas as pd\n",
    "import os\n",
    "from collections import Counter\n",
    "from sklearn.preprocessing import MinMaxScaler\n",
    "from sklearn import svm\n",
    "from sklearn.metrics import recall_score, confusion_matrix\n",
    "from itertools import combinations\n",
    "from math import *\n",
    "from random import choice\n",
    "from sklearn.model_selection import train_test_split\n",
    "from pandas.core.frame import DataFrame"
   ]
  },
  {
   "cell_type": "code",
   "execution_count": 2,
   "metadata": {},
   "outputs": [],
   "source": [
    "# cat = ['V_cat','A_cat']\n",
    "classes = ['L', 'M', 'H']\n",
    "devel_V_set = ['BoW','frozen-bert-gmax','frozen-bert-pos-fuse-rnnatt','frozen-bert-rnnatt','fused','NGD_TF_IDF_1500','PMI_without_log_method_1500','TF-IDF']\n",
    "devel_A_set = ['BoW','frozen-bert-gmax','frozen-bert-pos-fuse-rnnatt','frozen-bert-rnnatt','fused','NGD_with_log_method_1200','PMI_without_log_method_1800','TF-IDF']\n",
    "# df = pd.read_csv('transcripted_text.st1_ st2_st3.all.csv')\n",
    "# df_devel = df[df['partition'].isin([\"devel\"])]\n",
    "# V_list = df_devel['V_cat'].values.tolist()\n",
    "# A_list = df_devel['A_cat'].values.tolist()"
   ]
  },
  {
   "cell_type": "code",
   "execution_count": 3,
   "metadata": {
    "scrolled": false
   },
   "outputs": [
    {
     "name": "stdout",
     "output_type": "stream",
     "text": [
      "[[0.3397103427633275, 0.3469687022627716, 0.3133209549739009], [0.33457512789172195, 0.3594712799078783, 0.3059535922003997], [0.3059047957289211, 0.3301691322639261, 0.3639260720071529], [0.347008325155397, 0.35131325880073233, 0.3016784160438708], [0.33516308139525824, 0.3322101988853248, 0.332626719719417], [0.3087098455030536, 0.34579831891135804, 0.3454918355855884], [0.3404353420094253, 0.3146388913870314, 0.3449257666035434], [0.36702424690533575, 0.300861192831236, 0.33211456026342834], [0.33144107544770224, 0.297806504262568, 0.3707524202897297], [0.3590108017564805, 0.3539041712579868, 0.2870850269855327], [0.3239450572663725, 0.3579975644676602, 0.3180573782659674], [0.3346396441306904, 0.29911373991035595, 0.3662466159589536], [0.3452717229102755, 0.3376637355397544, 0.31706454154997005], [0.349968296958365, 0.32546159223367666, 0.3245701108079584], [0.33651564918301985, 0.327303906556418, 0.3361804442605621], [0.3520987343412028, 0.3620469602571145, 0.2858543054016826], [0.3390423675748861, 0.3211791998835365, 0.33977843254157736], [0.31607835972114234, 0.3279239729764161, 0.35599766730244153], [0.3280787696831754, 0.4046345315748079, 0.2672866987420167], [0.3895425143899451, 0.3047286572834453, 0.3057288283266095], [0.3241628612529116, 0.3125002941000386, 0.36333684464704985], [0.3206524292723377, 0.3468045239954484, 0.3325430467322139], [0.3444665861880626, 0.3165193021659156, 0.3390141116460218], [0.3536443807846881, 0.3256383822954842, 0.3207172369198277], [0.3475976982754276, 0.3438280762244691, 0.3085742255001033], [0.3631904890427034, 0.3331683602006524, 0.3036411507566443], [0.3277061076805277, 0.3343196206488981, 0.3379742716705741], [0.3983870672969986, 0.3257565798694108, 0.2758563528335907], [0.33114484887265033, 0.32047595621212444, 0.3483791949152253], [0.3346358073532248, 0.3353628695198417, 0.3300013231269334], [0.3409905469951663, 0.3382325551602579, 0.32077689784457586], [0.3253959308016583, 0.3399246598777957, 0.334679409320546], [0.3211083093862802, 0.3299708658662741, 0.3489208247474457], [0.3730221207994993, 0.3257712540061403, 0.3012066251943604], [0.31737911298461124, 0.3394322527723749, 0.34318863424301393], [0.31273216253062325, 0.3456669736951071, 0.3416008637742697], [0.3443811919947161, 0.314136435026759, 0.34148237297852496], [0.34299187043094603, 0.3297263539667675, 0.3272817756022864], [0.3336510640645937, 0.3221858106512846, 0.3441631252841217], [0.3934724552660566, 0.3079134156373071, 0.2986141290966361], [0.4141539087869319, 0.2552906402898751, 0.3305554509231929], [0.3164056639000799, 0.2907075977942778, 0.3928867383056423], [0.34626799149800336, 0.334373513973066, 0.3193584945289307], [0.35236296955106705, 0.3362660271381127, 0.3113710033108202], [0.3466790474556504, 0.330814756306265, 0.32250619623808463], [0.32591226697876285, 0.35958218445825885, 0.3145055485629783], [0.3288362782166053, 0.35819658713596103, 0.3129671346474336], [0.3312172855320397, 0.31240629136182685, 0.35637642310613343], [0.3413374201107248, 0.34387580446983457, 0.3147867754194407], [0.3728485636849163, 0.3428828540221199, 0.2842685822929639], [0.3311046302525848, 0.3366179550130757, 0.3322774147343395], [0.3441454443208258, 0.3307142990874169, 0.3251402565917573], [0.32294468326969233, 0.3463510822793849, 0.3307042344509227], [0.2862107720153072, 0.3358638350243185, 0.3779253929603743], [0.3928128986665607, 0.3180466530948384, 0.28914044823860097], [0.3721716502638914, 0.3282406409700478, 0.2995877087660607], [0.3302919523558659, 0.32204456294467376, 0.34766348469946035], [0.4206135116302031, 0.2988122964021698, 0.2805741919676272], [0.4006340881488811, 0.3185196833140134, 0.2808462285371053], [0.36543164167580017, 0.29740453012555595, 0.33716382819864393], [0.3706245613045688, 0.3165939064558417, 0.31278153223958965], [0.35720336216773163, 0.3777186973023677, 0.2650779405299007], [0.30757272680855663, 0.3376312158519256, 0.3547960573395178], [0.3729226103816258, 0.2903281167304353, 0.336749272887939], [0.3507204159824623, 0.34024811141898753, 0.3090314725985501], [0.34038309133592665, 0.3159883949218629, 0.34362851374221043], [0.3930150523526176, 0.2964486557447451, 0.3105362919026373], [0.3860781490501531, 0.3369477156548965, 0.2769741352949506], [0.3494575871840929, 0.313255251142897, 0.3372871616730102], [0.3911510573242216, 0.3010118905055442, 0.3078370521702342], [0.37418298104359854, 0.33616924560503275, 0.2896477733513688], [0.33470220646799065, 0.3079784394035637, 0.3573193541284457], [0.4227671484843132, 0.3036244507493401, 0.27360840076634657], [0.339806327438839, 0.3305029418468569, 0.3296907307143042], [0.3382219688699564, 0.3109193687046153, 0.3508586624254283], [0.2922852926237341, 0.3349111908458021, 0.37280351653046384], [0.37054996060294015, 0.3391995891542732, 0.2902504502427866], [0.3428650584328764, 0.30808652013808024, 0.3490484214290432], [0.34722024548338426, 0.31830440492018297, 0.3344753495964328], [0.3483173317900193, 0.26697746877067985, 0.3847051994393007], [0.2988078125241587, 0.2789321391362971, 0.4222600483395442], [0.3477908814587045, 0.3789114583512839, 0.2732976601900117], [0.3683501915632005, 0.3308837156174159, 0.30076609281938343], [0.3395658450632213, 0.3151478201164397, 0.345286334820339], [0.3495490051189373, 0.3168741382008409, 0.3335768566802217], [0.3305044558933992, 0.3275087704042695, 0.3419867737023313], [0.35900702691933395, 0.3354530229076514, 0.30553995017301466]]\n"
     ]
    }
   ],
   "source": [
    "def readcsv(feature,cat):\n",
    "    df = pd.read_csv(cat+'_mean/'+feature + '.csv')\n",
    "    df_list = df.values.tolist()\n",
    "    return df_list\n",
    "\n",
    "x_list_all = []\n",
    "y_list_all = []\n",
    "\n",
    "vote_list = readcsv('BoW','V_cat')\n",
    "x = [i[1:4] for i in vote_list]\n",
    "y = [i[4] for i in vote_list]\n",
    "# X_train, X_test, y_train, y_test = train_test_split(x, y, test_size=0.33, random_state=0)\n",
    "\n",
    "print(x)\n",
    "# clf = svm.LinearSVC()\n",
    "# clf.fit(X_train, y_train)\n",
    "# y_pred = clf.predict(X_test)\n",
    "# r = recall_score(y_test, y_pred,labels=classes, average='macro')*100\n",
    "# print(r)\n",
    "\n",
    "# # def fusion(input_set):\n",
    "# result_dict = dict()\n",
    "# list_all = []\n",
    "\n",
    "# for num in range(1,3):\n",
    "#     new_list = list(combinations(devel_V_set,num))\n",
    "#     list_all.extend(new_list)\n",
    "\n",
    "# for sets in list_all:\n",
    "#     set_list_x = []\n",
    "#     set_list_y = []\n",
    "#     new_set = []\n",
    "#     for set_name in sets:\n",
    "#         vote_list = readcsv(set_name,'V_cat')\n",
    "#         x = [i[1:4] for i in vote_list]\n",
    "#         y = [i[4] for i in vote_list]\n",
    "#         set_list_x.append(x)\n",
    "#         set_list_y.append(y)\n",
    "# #     print(set_list_x[0])\n",
    "#     if len(set_list_x) > 1:\n",
    "#         sets_temp = []\n",
    "# #         for sets in set_list_x:\n",
    "#         df = DataFrame(set_list_x)\n",
    "# df\n",
    "#             print('+++++++++++++')\n",
    "#             for index in range(0,87):\n",
    "#                 sets_temp.extend(sets[index])\n",
    "#             new_set.append(sets_temp)\n",
    "#             sets_temp = []\n",
    "#         print(len(new_set))\n",
    "#             print(len(sets[0]))\n",
    "            \n",
    "    \n",
    "#     for sets in new_list:\n",
    "#         x_list = []\n",
    "#         y_list = []\n",
    "#         for prediction in sets:\n",
    "#             vote_list = readcsv(prediction,'V_cat')\n",
    "#             x = [i[1:4] for i in vote_list]\n",
    "#             y = [i[4] for i in vote_list]\n",
    "#             x_list.append(x)\n",
    "#             y_list.append(y)\n",
    "#         x_list_all.append(x_list)\n",
    "#         y_list_all.append(y_list)\n",
    "\n",
    "#         for index in range(0,87):\n",
    "#             single_list_x = []\n",
    "#             single_list_y = []\n",
    "#             for prediction in x_list:\n",
    "#                 single_list_x.extend(prediction[index])\n",
    "#             for prediction in y_list:\n",
    "#                 single_list_y.extend(prediction[index])\n",
    "# print(y_list_all)\n",
    "# fusion(devel_V_set)\n",
    "\n",
    "#                 for prediction in prediction_list_H:\n",
    "#                     single_pred_list_H.append(prediction[index])\n",
    "#         print(single_pred_list_L)\n",
    "# #                 mean_list =[HarmonicMean(single_pred_list_L),HarmonicMean(single_pred_list_M),HarmonicMean(single_pred_list_H)]\n",
    "# #                 label = mean_list.index(max(mean_list))\n",
    "# #                 if label == 0:\n",
    "# #                     new_prediction.append('L')\n",
    "# #                 if label == 1:\n",
    "# #                     new_prediction.append('M')\n",
    "# #                 if label == 2:\n",
    "# #                     new_prediction.append('H')\n",
    "                    \n",
    "# # #             print(new_prediction)\n",
    "# #             r = recall_score(test_list, new_prediction,labels=classes, average='macro')*100\n",
    "# #             result_dict[sets] = r\n",
    "# #     max_list = []\n",
    "# #     max_value = max(result_dict.values())  # 利用 max 函数先找到最大 value\n",
    "# #     for m, n in result_dict.items():       # 遍历字典一遍找对应的 key 值\n",
    "# #         if n == max_value:\n",
    "# #             max_list.append(m)\n",
    "# # #     print(max_list)\n",
    "# #     return max_list, max_value\n",
    "\n",
    "\n",
    "# print(fusion(devel_V_set))\n",
    "# print(fusion(devel_A_set))\n"
   ]
  }
 ],
 "metadata": {
  "kernelspec": {
   "display_name": "Python 3.7.4 64-bit",
   "language": "python",
   "name": "python37464bit7beda4881a574057a8d5b1842b8d0b04"
  },
  "language_info": {
   "codemirror_mode": {
    "name": "ipython",
    "version": 3
   },
   "file_extension": ".py",
   "mimetype": "text/x-python",
   "name": "python",
   "nbconvert_exporter": "python",
   "pygments_lexer": "ipython3",
   "version": "3.7.6"
  }
 },
 "nbformat": 4,
 "nbformat_minor": 4
}
